              a = [[    1.000    2.000    3.000    4.000    5.000 ]
                   [    6.000    7.000    8.000    9.000   10.000 ]
                   [   11.000   12.000   13.000   14.000   15.000 ]
                   [   16.000   17.000   18.000   19.000   20.000 ]]
              b = [[    1.000    0.000    0.000    0.000 ]
                   [    0.000    0.000    1.000    0.000 ]
                   [    0.000    1.000    0.000    0.000 ]
                   [    0.000    0.000    0.000    1.000 ]
                   [    0.000    0.000    0.000    0.000 ]]
c <- 1.0*a*b+0.0*c = [[    1.000    3.000    2.000    4.000 ]
                      [    6.000    8.000    7.000    9.000 ]
                      [   11.000   13.000   12.000   14.000 ]
                      [   16.000   18.000   17.000   19.000 ]]
              d = [[    1.000    2.000    3.000    4.000 ]
                   [    6.000    7.000    8.000    9.000 ]
                   [   11.000   12.000   13.000   14.000 ]
                   [   16.000   17.000   18.000   19.000 ]]
              e = [[    1.000    0.000    0.000    0.000 ]
                   [    0.000    0.000    1.000    0.000 ]
                   [    0.000    1.000    0.000    0.000 ]
                   [    0.000    0.000    0.000    1.000 ]]
c <- 1.0*d*e+0.0*c = [[    1.000    3.000    2.000    4.000 ]
                      [    6.000    8.000    7.000    9.000 ]
                      [   11.000   13.000   12.000   14.000 ]
                      [   16.000   18.000   17.000   19.000 ]]
